power_tx2 
      -53.99  
      -53.91  
      -53.85  
      -53.85  
      -53.93  
      -54.03  
      -54.15  
      -54.28  
      -54.62  
      -54.86  
      -55.05  
      -55.41  
      -55.46  
      -55.73  
      -56.00  
      -56.27  
      -56.53  
      -56.79  
      -57.03  
      -57.94  
     -250.00  
     -250.00  
     -250.00  
     -250.00  
      -80.52  
      -64.30  
      -59.84  
      -60.17  
      -60.44  
      -60.70  
      -60.94  
      -61.17  
      -53.35  
      -53.18  
      -53.20  
      -53.20  
      -53.29  
      -53.40  
      -53.55  
      -53.71  
      -54.07  
      -54.35  
      -54.40  
      -54.76  
      -55.07  
      -55.38  
      -55.68  
      -55.98  
      -56.27  
      -56.55  
      -56.82  
      -57.65  
      -55.92  
      -57.13  
      -57.39  
      -57.64  
      -59.12  
      -59.47  
      -59.76  
      -60.03  
      -60.29  
      -60.54  
      -60.77  
      -60.99  
      -52.66  
      -52.55  
      -52.50  
      -52.50  
      -52.59  
      -52.74  
      -52.92  
      -53.20  
      -53.37  
      -53.65  
      -53.95  
      -54.34  
      -54.68  
      -55.02  
      -55.35  
      -55.68  
      -56.00  
      -56.20  
      -56.11  
      -57.43  
      -57.77  
      -56.06  
      -57.33  
      -57.59  
      -57.83  
      -59.22  
      -59.58  
      -59.85  
      -60.11  
      -60.34  
      -60.63  
      -61.84  
      -51.91  
      -51.78  
      -51.73  
      -51.73  
      -51.84  
      -52.01  
      -52.16  
      -52.46  
      -52.66  
      -53.08  
      -53.48  
      -53.89  
      -54.27  
      -54.65  
      -55.02  
      -55.38  
      -56.05  
      -56.41  
      -56.82  
      -57.19  
      -57.55  
      -57.88  
      -56.26  
      -57.51  
      -57.78  
      -58.01  
      -59.20  
      -59.61  
      -60.33  
      -61.72  
      -63.15  
      -64.63  
      -51.10  
      -50.95  
      -50.88  
      -50.90  
      -50.97  
      -51.17  
      -51.45  
      -51.78  
      -52.16  
      -52.51  
      -52.99  
      -53.43  
      -53.86  
      -54.28  
      -54.62  
      -55.31  
      -55.74  
      -56.17  
      -56.57  
      -56.96  
      -57.32  
      -57.67  
      -57.99  
      -58.05  
      -57.42  
      -57.74  
      -58.59  
      -58.63  
      -63.23  
      -64.89  
      -66.44  
      -67.90  
      -50.20  
      -50.02  
      -49.91  
      -49.94  
      -50.08  
      -50.34  
      -50.67  
      -51.06  
      -51.51  
      -51.94  
      -52.48  
      -52.96  
      -53.44  
      -53.90  
      -54.50  
      -55.01  
      -55.47  
      -55.90  
      -56.32  
      -56.71  
      -57.09  
      -57.43  
      -57.74  
      -58.24  
      -59.64  
      -59.85  
      -61.39  
      -61.79  
      -65.32  
      -68.07  
      -69.76  
      -71.20  
      -49.19  
      -48.96  
      -48.84  
      -48.92  
      -49.10  
      -49.42  
      -49.83  
      -50.30  
      -50.83  
      -51.35  
      -51.97  
      -52.47  
      -53.15  
      -53.67  
      -54.21  
      -54.71  
      -55.18  
      -55.63  
      -56.05  
      -56.44  
      -56.79  
      -57.98  
      -60.03  
      -62.16  
      -64.06  
      -64.84  
      -63.08  
      -64.76  
      -63.74  
      -67.56  
      -71.61  
      -73.67  
      -48.09  
      -47.81  
      -47.70  
      -47.76  
      -48.01  
      -48.42  
      -48.93  
      -49.50  
      -50.14  
      -50.68  
      -51.42  
      -52.13  
      -52.73  
      -53.32  
      -53.88  
      -54.40  
      -54.88  
      -55.32  
      -55.54  
      -57.86  
      -60.37  
      -62.80  
      -65.05  
      -67.05  
      -68.82  
      -69.84  
      -68.50  
      -64.86  
      -65.79  
      -64.19  
      -68.13  
      -73.15  
      -46.80  
      -46.46  
      -46.33  
      -46.44  
      -46.78  
      -47.31  
      -47.96  
      -48.67  
      -49.41  
      -50.21  
      -50.97  
      -51.68  
      -52.34  
      -52.96  
      -53.53  
      -54.04  
      -55.07  
      -58.08  
      -61.11  
      -63.85  
      -66.29  
      -68.45  
      -70.26  
      -71.84  
      -73.12  
      -74.05  
      -73.60  
      -70.26  
      -65.86  
      -65.95  
      -64.99  
      -68.16  
      -45.46  
      -44.91  
      -44.68  
      -44.88  
      -45.38  
      -46.11  
      -46.95  
      -47.84  
      -48.76  
      -49.58  
      -50.49  
      -51.25  
      -51.94  
      -51.56  
      -54.99  
      -58.96  
      -62.52  
      -65.55  
      -68.03  
      -70.19  
      -71.99  
      -73.52  
      -74.88  
      -76.03  
      -76.93  
      -77.52  
      -77.46  
      -75.48  
      -71.10  
      -66.58  
      -66.10  
      -66.01  
      -44.01  
      -43.22  
      -42.86  
      -43.05  
      -43.70  
      -44.33  
      -45.93  
      -47.04  
      -48.11  
      -49.13  
      -50.00  
      -50.44  
      -55.99  
      -61.09  
      -65.09  
      -68.19  
      -70.64  
      -72.61  
      -74.33  
      -75.75  
      -77.03  
      -78.11  
      -79.06  
      -79.85  
      -80.46  
      -80.82  
      -80.69  
      -79.28  
      -76.42  
      -71.64  
      -67.22  
      -66.41  
      -42.46  
      -41.31  
      -40.77  
      -41.07  
      -42.08  
      -43.38  
      -44.67  
      -45.41  
      -47.50  
      -50.46  
      -60.31  
      -66.16  
      -70.00  
      -72.73  
      -74.88  
      -76.60  
      -78.06  
      -79.28  
      -80.43  
      -81.42  
      -82.24  
      -82.96  
      -83.43  
      -83.86  
      -84.13  
      -84.17  
      -83.80  
      -82.80  
      -80.34  
      -76.87  
      -72.04  
      -67.77  
      -41.04  
      -39.49  
      -38.95  
      -39.24  
      -40.55  
      -42.30  
      -43.92  
      -45.27  
     -250.00  
     -250.00  
     -250.00  
      -91.24  
      -90.54  
      -91.37  
      -90.39  
      -89.18  
      -88.39  
      -88.89  
      -89.09  
      -88.98  
      -88.95  
      -88.93  
      -88.81  
      -88.64  
      -88.29  
      -87.77  
      -87.01  
      -85.81  
      -83.98  
      -80.75  
      -77.07  
      -71.99  
      -40.15  
      -38.93  
      -39.15  
      -39.37  
      -39.62  
      -41.66  
      -43.53  
      -44.98  
     -250.00  
     -250.00  
     -250.00  
     -250.00  
     -250.00  
      -91.94  
      -91.80  
      -90.66  
      -92.54  
      -93.70  
      -93.68  
      -93.59  
      -93.55  
      -93.25  
      -92.84  
      -92.39  
      -91.70  
      -90.75  
      -89.72  
      -88.37  
      -86.24  
      -84.16  
      -78.73  
      -74.58  
      -40.19  
      -38.91  
      -43.59  
      -39.26  
      -39.66  
      -41.68  
      -43.53  
      -45.48  
     -250.00  
     -250.00  
     -250.00  
     -250.00  
     -250.00  
      -89.95  
      -89.99  
      -92.48  
      -94.12  
      -94.14  
      -94.13  
      -94.23  
      -94.08  
      -93.90  
      -93.60  
      -93.15  
      -92.55  
      -91.81  
      -90.86  
      -88.96  
      -87.77  
      -81.61  
      -77.56  
      -73.58  
      -41.12  
      -39.60  
      -39.02  
      -39.34  
      -40.64  
      -42.36  
      -43.96  
      -45.24  
     -250.00  
     -250.00  
     -250.00  
     -250.00  
     -250.00  
      -87.63  
      -90.56  
      -94.13  
      -94.62  
      -94.64  
      -94.84  
      -94.85  
      -94.62  
      -94.42  
      -94.14  
      -93.70  
      -93.18  
      -92.61  
      -90.52  
      -89.83  
      -82.63  
      -78.78  
      -74.83  
      -73.00  
      -42.56  
      -41.44  
      -40.92  
      -41.22  
      -42.18  
      -43.44  
      -44.68  
      -45.72  
     -250.00  
     -250.00  
     -250.00  
     -250.00  
     -250.00  
      -89.19  
      -91.09  
      -94.42  
      -94.92  
      -95.23  
      -95.55  
      -95.27  
      -95.12  
      -94.95  
      -94.65  
      -94.26  
      -93.40  
      -91.54  
      -85.56  
      -83.21  
      -79.47  
      -75.66  
      -73.71  
      -73.14  
      -44.10  
      -43.34  
      -42.99  
      -43.17  
      -43.80  
      -44.66  
      -45.55  
      -46.35  
     -250.00  
     -250.00  
     -250.00  
     -250.00  
     -250.00  
      -85.65  
      -89.72  
      -93.99  
      -95.28  
      -95.71  
      -95.90  
      -95.66  
      -95.56  
      -95.35  
      -95.07  
      -92.14  
      -92.10  
      -86.04  
      -83.68  
      -80.05  
      -76.26  
      -74.29  
      -73.06  
      -73.74  
      -45.54  
      -45.01  
      -44.77  
      -44.87  
      -45.27  
      -45.84  
      -46.44  
      -47.02  
     -250.00  
     -250.00  
     -250.00  
     -250.00  
     -250.00  
      -83.99  
      -89.60  
      -91.80  
      -95.27  
      -95.91  
      -96.17  
      -96.00  
      -95.89  
      -95.70  
      -92.37  
      -92.49  
      -86.41  
      -83.81  
      -80.36  
      -76.92  
      -74.87  
      -73.04  
      -74.42  
      -75.17  
      -46.83  
      -46.44  
      -46.26  
      -46.31  
      -46.56  
      -46.92  
      -47.32  
      -47.71  
     -250.00  
     -250.00  
     -250.00  
     -250.00  
     -250.00  
      -84.94  
      -85.27  
      -89.85  
      -94.71  
      -95.92  
      -96.24  
      -96.27  
      -95.68  
      -92.45  
      -92.73  
      -86.54  
      -84.12  
      -80.77  
      -77.42  
      -75.46  
      -73.19  
      -74.81  
      -74.68  
      -81.64  
      -47.98  
      -47.66  
      -47.47  
      -47.54  
      -47.69  
      -47.88  
      -48.14  
      -48.39  
     -250.00  
     -250.00  
     -250.00  
     -250.00  
     -250.00  
      -82.34  
      -84.96  
      -89.29  
      -92.16  
      -95.78  
      -96.38  
      -95.97  
      -92.40  
      -92.85  
      -86.83  
      -84.67  
      -81.39  
      -78.10  
      -75.98  
      -73.46  
      -74.80  
      -74.47  
      -86.32  
      -86.69  
      -48.98  
      -48.72  
      -48.61  
      -48.60  
      -48.53  
      -48.73  
      -48.87  
      -49.12  
     -250.00  
     -250.00  
     -250.00  
     -250.00  
     -250.00  
      -82.82  
      -84.12  
      -84.75  
      -89.76  
      -95.18  
      -95.90  
      -92.29  
      -92.85  
      -87.08  
      -84.94  
      -81.92  
      -78.57  
      -76.51  
      -73.83  
      -74.56  
      -74.54  
      -82.42  
      -86.01  
      -89.08  
      -49.87  
      -49.65  
      -49.54  
      -49.52  
      -49.52  
      -49.51  
      -49.54  
     -250.00  
     -250.00  
     -250.00  
     -250.00  
     -250.00  
     -250.00  
      -83.01  
      -82.67  
      -85.46  
      -88.77  
      -93.10  
      -91.91  
      -92.75  
      -87.30  
      -85.19  
      -82.15  
      -79.07  
      -76.13  
      -74.27  
      -73.85  
      -75.17  
      -79.78  
      -84.70  
      -89.14  
      -90.32  
      -50.69  
      -50.48  
      -50.34  
      -50.21  
      -50.25  
      -50.22  
      -50.17  
     -250.00  
     -250.00  
     -250.00  
     -250.00  
     -250.00  
      -86.49  
      -82.57  
      -82.83  
      -83.30  
      -84.47  
      -82.85  
      -92.09  
      -87.46  
      -85.42  
      -82.65  
      -79.52  
      -76.64  
      -74.75  
      -73.68  
      -75.87  
      -78.15  
      -83.45  
      -88.56  
      -90.86  
      -91.19  
      -51.45  
      -51.21  
      -51.06  
      -51.04  
      -50.85  
      -50.85  
      -50.77  
     -250.00  
     -250.00  
     -250.00  
     -250.00  
     -250.00  
      -85.52  
      -84.35  
      -82.54  
      -82.51  
      -84.91  
      -86.65  
      -86.92  
      -85.59  
      -82.86  
      -79.99  
      -77.18  
      -75.27  
      -73.64  
      -76.32  
      -77.08  
      -72.56  
      -87.83  
      -90.87  
      -91.90  
      -91.90  
      -52.13  
      -51.86  
      -51.76  
      -51.64  
      -51.41  
      -51.42  
      -51.10  
     -250.00  
     -250.00  
     -250.00  
     -250.00  
     -250.00  
      -87.02  
      -85.07  
      -81.93  
      -82.33  
      -82.69  
      -82.86  
      -83.11  
      -83.29  
      -80.47  
      -77.67  
      -75.84  
      -73.67  
      -76.47  
      -76.43  
      -87.26  
      -86.91  
      -90.21  
      -92.13  
      -92.70  
      -92.70  
      -52.74  
      -52.54  
      -52.33  
      -51.62  
      -51.97  
      -51.92  
      -51.84  
     -250.00  
     -250.00  
     -250.00  
     -250.00  
     -250.00  
      -88.29  
      -84.74  
      -84.47  
      -81.76  
      -81.44  
      -82.02  
      -81.83  
      -80.76  
      -78.11  
      -76.00  
      -73.85  
      -76.44  
      -75.95  
      -84.32  
      -85.69  
      -89.78  
      -92.13  
      -93.03  
      -93.36  
      -93.25  
      -53.30  
      -53.14  
      -52.87  
      -52.51  
      -52.41  
      -52.38  
      -52.27  
      -63.23  
      -62.05  
      -70.37  
      -77.51  
      -79.44  
      -86.69  
      -85.94  
      -84.14  
      -81.83  
      -80.99  
      -80.25  
      -79.55  
      -78.43  
      -76.52  
      -74.11  
      -76.31  
      -76.15  
      -81.97  
      -84.69  
      -89.14  
      -91.94  
      -93.17  
      -93.74  
      -93.92  
      -93.74  
      -53.82  
      -53.66  
      -53.35  
      -52.82  
      -52.73  
      -52.78  
      -54.13  
      -61.65  
      -65.37  
      -72.55  
      -77.92  
      -79.09  
      -87.11  
      -87.38  
      -84.13  
      -82.89  
      -79.70  
      -79.02  
      -77.69  
      -76.53  
      -74.44  
      -76.16  
      -76.36  
      -80.33  
      -83.70  
      -88.42  
      -91.19  
      -93.16  
      -93.96  
      -94.32  
      -94.42  
      -94.34  
      -54.30  
      -54.15  
      -54.00  
      -53.17  
      -53.05  
      -53.94  
      -54.61  
      -57.10  
      -68.88  
      -71.27  
      -77.05  
      -85.57  
      -87.37  
      -85.40  
      -84.20  
      -82.07  
      -79.76  
      -77.45  
      -76.37  
      -74.42  
      -75.97  
      -76.48  
      -79.15  
      -83.24  
      -87.33  
      -90.77  
      -93.03  
      -94.07  
      -94.61  
      -94.85  
      -94.88  
      -94.78  
      -54.74  
      -54.57  
      -55.11  
     -250.00  
     -250.00  
     -250.00  
     -250.00  
     -250.00  
     -250.00  
     -250.00  
      -69.09  
      -84.35  
      -85.05  
      -84.57  
      -83.10  
      -80.88  
      -78.33  
      -76.50  
      -74.56  
      -75.20  
      -76.21  
      -78.31  
      -81.89  
      -86.52  
      -90.22  
      -92.30  
      -94.05  
      -94.78  
      -95.16  
      -95.33  
      -95.34  
      -95.23  
      -55.15  
      -54.06  
      -54.48  
     -250.00  
     -250.00  
     -250.00  
     -250.00  
     -250.00  
     -250.00  
     -250.00  
     -250.00  
     -250.00  
     -250.00  
     -250.00  
     -250.00  
     -250.00  
     -250.00  
     -250.00  
     -250.00  
     -250.00  
      -77.65  
      -85.40  
      -85.65  
      -89.63  
      -92.03  
      -94.01  
      -94.93  
      -95.46  
      -95.75  
      -95.85  
      -95.82  
      -95.70  
