       power_tx1
        -58.13 
        -57.57 
        -59.38 
        -58.23 
        -58.07 
        -57.91 
        -57.74 
        -57.55 
        -57.38 
        -57.19 
        -57.02 
        -56.86 
        -56.71 
        -56.56 
        -56.40 
        -56.25 
        -56.11 
        -55.97 
        -55.79 
        -53.57 
       -250.00 
       -250.00 
       -250.00 
       -250.00 
        -54.55 
        -53.95 
        -53.88 
        -53.77 
        -53.80 
        -53.58 
        -54.77 
        -55.06 
        -61.99 
        -58.15 
        -57.10 
        -59.06 
        -57.88 
        -57.72 
        -57.55 
        -57.37 
        -57.18 
        -57.00 
        -56.81 
        -56.63 
        -56.46 
        -56.31 
        -56.15 
        -55.99 
        -55.84 
        -55.69 
        -55.55 
        -55.39 
        -54.53 
        -54.41 
        -54.30 
        -54.15 
        -52.82 
        -54.10 
        -53.34 
        -53.47 
        -53.36 
        -52.91 
        -53.99 
        -54.65 
        -67.19 
        -62.60 
        -58.26 
        -56.65 
        -58.72 
        -57.53 
        -57.35 
        -57.16 
        -56.97 
        -56.79 
        -56.60 
        -56.41 
        -56.21 
        -56.05 
        -55.89 
        -55.72 
        -55.56 
        -55.40 
        -55.24 
        -54.78 
        -54.31 
        -54.17 
        -54.07 
        -53.54 
        -54.46 
        -54.14 
        -53.42 
        -53.15 
        -53.05 
        -53.14 
        -52.82 
        -54.13 
        -71.58 
        -68.05 
        -63.31 
        -58.48 
        -56.20 
        -58.37 
        -57.09 
        -56.97 
        -56.77 
        -56.57 
        -56.38 
        -56.19 
        -55.98 
        -55.78 
        -55.61 
        -55.44 
        -55.27 
        -55.09 
        -54.89 
        -54.19 
        -54.05 
        -53.92 
        -53.82 
        -54.25 
        -54.16 
        -53.98 
        -53.55 
        -52.70 
        -52.71 
        -52.59 
        -52.24 
        -53.28 
        -73.95 
        -71.97 
        -68.80 
        -54.33 
        -58.82 
        -55.76 
        -57.93 
        -56.76 
        -56.56 
        -56.35 
        -56.15 
        -55.94 
        -55.74 
        -55.53 
        -55.32 
        -55.15 
        -54.97 
        -54.77 
        -54.28 
        -53.94 
        -53.79 
        -53.67 
        -53.88 
        -53.91 
        -53.81 
        -53.68 
        -53.46 
        -52.85 
        -52.04 
        -52.20 
        -52.03 
        -51.82 
        -76.58 
        -75.13 
        -73.03 
        -69.87 
        -65.18 
        -59.33 
        -55.38 
        -57.52 
        -56.33 
        -56.13 
        -55.91 
        -55.70 
        -55.49 
        -55.27 
        -55.01 
        -54.84 
        -54.65 
        -54.39 
        -53.72 
        -53.66 
        -53.52 
        -53.26 
        -53.63 
        -53.53 
        -53.41 
        -53.29 
        -53.15 
        -52.81 
        -51.96 
        -51.70 
        -51.57 
        -51.48 
        -76.81 
        -76.28 
        -75.45 
        -73.89 
        -71.18 
        -66.55 
        -60.17 
        -55.09 
        -57.06 
        -55.91 
        -55.68 
        -55.38 
        -55.23 
        -55.00 
        -54.68 
        -54.49 
        -54.29 
        -53.81 
        -53.53 
        -53.38 
        -53.21 
        -53.24 
        -53.26 
        -53.12 
        -52.98 
        -52.81 
        -52.62 
        -52.39 
        -51.97 
        -51.11 
        -51.30 
        -51.16 
        -78.16 
        -77.89 
        -77.34 
        -76.34 
        -74.70 
        -72.20 
        -67.88 
        -61.25 
        -54.89 
        -55.66 
        -55.46 
        -55.22 
        -54.99 
        -54.75 
        -54.39 
        -54.17 
        -53.88 
        -53.33 
        -53.24 
        -53.05 
        -52.77 
        -52.96 
        -52.81 
        -52.61 
        -52.37 
        -52.14 
        -52.04 
        -52.07 
        -51.95 
        -51.31 
        -50.68 
        -50.79 
        -78.71 
        -77.94 
        -77.63 
        -77.18 
        -76.49 
        -75.23 
        -73.27 
        -69.54 
        -52.63 
        -54.87 
        -55.20 
        -54.97 
        -54.73 
        -54.48 
        -54.13 
        -53.82 
        -53.37 
        -53.19 
        -52.93 
        -52.75 
        -52.60 
        -52.50 
        -52.18 
        -51.88 
        -51.79 
        -51.79 
        -51.66 
        -51.60 
        -51.54 
        -49.62 
        -50.39 
        -50.40 
        -77.85 
        -76.59 
        -77.55 
        -77.55 
        -77.56 
        -77.30 
        -76.21 
        -74.43 
        -71.14 
        -64.77 
        -55.11 
        -54.71 
        -54.48 
        -54.21 
        -53.83 
        -53.48 
        -52.94 
        -52.80 
        -52.55 
        -51.39 
        -51.61 
        -51.74 
        -51.70 
        -51.56 
        -51.40 
        -51.29 
        -51.20 
        -51.13 
        -51.08 
        -51.02 
        -50.70 
        -49.69 
        -77.16 
        -76.83 
        -77.04 
        -78.08 
        -79.87 
        -77.84 
        -77.13 
        -75.83 
        -74.74 
        -72.71 
        -67.41 
        -55.83 
        -54.20 
        -53.93 
        -53.53 
        -53.04 
        -52.78 
        -51.40 
        -51.84 
        -51.57 
        -51.46 
        -51.45 
        -51.27 
        -51.09 
        -50.94 
        -50.80 
        -50.70 
        -50.62 
        -50.57 
        -50.57 
        -50.53 
        -49.87 
        -78.99 
        -78.88 
        -78.15 
        -86.99 
        -83.57 
        -79.75 
        -77.92 
        -76.31 
        -75.03 
        -76.01 
        -74.71 
        -71.05 
        -57.65 
        -53.65 
        -53.16 
        -51.45 
        -51.82 
        -51.71 
        -51.41 
        -51.38 
        -51.23 
        -51.04 
        -50.83 
        -50.63 
        -50.44 
        -50.29 
        -50.16 
        -50.09 
        -50.05 
        -50.04 
        -50.07 
        -50.01 
        -91.54 
        -91.48 
        -91.30 
        -91.29 
        -86.75 
        -86.06 
        -85.29 
        -84.32 
       -250.00 
       -250.00 
       -250.00 
        -78.11 
        -74.59 
        -52.93 
        -52.14 
        -51.89 
        -51.63 
        -51.42 
        -51.19 
        -51.03 
        -50.81 
        -50.59 
        -50.36 
        -50.13 
        -49.92 
        -49.75 
        -49.62 
        -49.53 
        -49.48 
        -49.48 
        -49.52 
        -49.58 
        -91.37 
        -91.58 
        -87.33 
        -86.83 
        -86.15 
        -85.35 
        -84.64 
       -115.11 
       -250.00 
       -250.00 
       -250.00 
       -250.00 
       -250.00 
        -52.23 
        -51.88 
        -51.71 
        -51.41 
        -51.08 
        -50.92 
        -50.68 
        -50.38 
        -50.11 
        -49.85 
        -49.60 
        -49.38 
        -49.20 
        -49.04 
        -48.93 
        -48.87 
        -48.86 
        -48.92 
        -49.01 
        -91.23 
        -87.35 
        -86.87 
        -86.23 
        -85.45 
        -89.93 
       -109.66 
       -115.14 
       -250.00 
       -250.00 
       -250.00 
       -250.00 
       -250.00 
        -51.89 
        -51.74 
        -51.43 
        -51.18 
        -50.91 
        -50.40 
        -50.19 
        -49.98 
        -49.63 
        -49.33 
        -49.06 
        -48.82 
        -48.60 
        -48.42 
        -48.29 
        -48.22 
        -48.21 
        -48.27 
        -48.39 
        -87.12 
        -86.74 
        -86.22 
        -85.50 
        -90.15 
       -105.17 
       -109.12 
       -115.24 
       -250.00 
       -250.00 
       -250.00 
       -250.00 
       -250.00 
        -51.64 
        -51.52 
        -51.27 
        -50.90 
        -50.67 
        -50.36 
        -49.93 
        -49.55 
        -49.17 
        -48.82 
        -48.51 
        -48.23 
        -47.98 
        -47.77 
        -47.62 
        -47.53 
        -47.52 
        -47.59 
        -47.72 
        -86.47 
        -86.08 
        -85.62 
        -90.18 
       -101.41 
       -104.30 
       -108.51 
       -115.41 
       -250.00 
       -250.00 
       -250.00 
       -250.00 
       -250.00 
        -51.51 
        -51.23 
        -50.94 
        -50.61 
        -50.39 
        -50.01 
        -49.59 
        -49.12 
        -48.73 
        -48.33 
        -47.93 
        -47.60 
        -47.31 
        -47.07 
        -46.89 
        -46.80 
        -46.78 
        -46.85 
        -47.01 
        -85.68 
        -85.48 
        -89.89 
        -97.95 
       -100.29 
       -103.31 
       -107.84 
       -115.68 
       -250.00 
       -250.00 
       -250.00 
       -250.00 
       -250.00 
        -51.37 
        -51.10 
        -50.69 
        -50.39 
        -50.02 
        -49.66 
        -49.21 
        -48.78 
        -48.27 
        -47.82 
        -47.38 
        -46.96 
        -46.61 
        -46.34 
        -46.13 
        -46.01 
        -45.99 
        -46.09 
        -46.28 
        -86.11 
        -92.55 
        -94.47 
        -96.57 
        -99.02 
       -102.20 
       -107.06 
       -117.11 
       -250.00 
       -250.00 
       -250.00 
       -250.00 
       -250.00 
        -51.18 
        -50.87 
        -50.49 
        -50.15 
        -49.72 
        -49.29 
        -48.88 
        -48.38 
        -47.87 
        -47.32 
        -46.82 
        -46.34 
        -45.91 
        -45.57 
        -45.33 
        -45.21 
        -45.19 
        -45.30 
        -45.52 
        -85.78 
        -90.59 
        -92.70 
        -94.96 
        -97.56 
       -100.92 
       -106.17 
       -117.90 
       -250.00 
       -250.00 
       -250.00 
       -250.00 
       -250.00 
        -51.08 
        -50.65 
        -50.27 
        -49.90 
        -49.49 
        -49.01 
        -48.50 
        -47.96 
        -47.45 
        -46.87 
        -46.31 
        -45.72 
        -45.23 
        -44.83 
        -44.56 
        -44.41 
        -44.40 
        -44.51 
        -44.75 
        -83.60 
        -85.48 
        -90.57 
        -93.06 
        -95.85 
        -99.41 
       -105.12 
       -118.45 
       -250.00 
       -250.00 
       -250.00 
       -250.00 
       -250.00 
        -50.84 
        -50.46 
        -50.07 
        -49.69 
        -49.27 
        -48.76 
        -48.21 
        -47.62 
        -47.01 
        -46.42 
        -45.78 
        -45.18 
        -44.61 
        -44.17 
        -43.86 
        -43.72 
        -43.71 
        -43.82 
        -44.00 
        -80.31 
        -83.00 
        -85.18 
        -90.71 
        -93.79 
        -97.61 
       -103.83 
       -120.49 
       -250.00 
       -250.00 
       -250.00 
       -250.00 
       -250.00 
        -50.53 
        -50.36 
        -49.97 
        -49.58 
        -49.07 
        -48.54 
        -47.95 
        -47.33 
        -46.66 
        -45.98 
        -45.33 
        -44.68 
        -44.10 
        -43.64 
        -43.43 
        -43.37 
        -43.38 
        -43.32 
        -43.44 
        -74.92 
        -79.05 
        -82.35 
        -84.86 
        -91.18 
        -95.38 
       -102.22 
       -250.00 
       -250.00 
       -250.00 
       -250.00 
       -250.00 
       -250.00 
        -50.21 
        -50.23 
        -49.91 
        -49.48 
        -48.96 
        -48.37 
        -47.74 
        -47.08 
        -46.40 
        -45.68 
        -44.94 
        -44.24 
        -43.70 
        -43.42 
        -43.54 
        -44.00 
        -44.11 
        -43.64 
        -43.26 
        -65.24 
        -71.76 
        -77.36 
        -81.60 
        -87.65 
        -92.48 
       -100.10 
       -250.00 
       -250.00 
       -250.00 
       -250.00 
       -250.00 
        -50.97 
        -50.39 
        -50.31 
        -50.14 
        -49.38 
        -48.86 
        -48.27 
        -47.65 
        -46.96 
        -46.22 
        -45.46 
        -44.68 
        -43.97 
        -43.46 
        -43.52 
        -44.66 
        -47.07 
        -47.81 
        -45.35 
        -43.68 
        -58.45 
        -60.17 
        -56.74 
        -74.77 
        -80.72 
        -88.32 
        -97.10 
       -250.00 
       -250.00 
       -250.00 
       -250.00 
       -250.00 
        -50.82 
        -50.01 
        -49.52 
        -49.47 
        -49.28 
        -48.84 
        -48.16 
        -47.53 
        -46.92 
        -46.14 
        -45.33 
        -44.61 
        -43.88 
        -43.43 
        -43.74 
        -46.36 
        -54.79 
        -51.61 
        -48.44 
        -44.28 
        -59.41 
        -59.50 
        -59.40 
        -60.25 
        -70.22 
        -79.78 
        -92.28 
       -250.00 
       -250.00 
       -250.00 
       -250.00 
       -250.00 
        -50.77 
        -49.95 
        -49.63 
        -49.05 
        -48.95 
        -48.88 
        -48.31 
        -47.66 
        -46.94 
        -46.08 
        -45.37 
        -44.56 
        -43.83 
        -43.40 
        -43.72 
        -46.15 
        -53.30 
        -56.59 
        -48.33 
        -44.24 
        -58.91 
        -58.83 
        -58.96 
        -58.95 
        -58.79 
        -60.66 
        -79.75 
       -250.00 
       -250.00 
       -250.00 
       -250.00 
       -250.00 
        -50.17 
        -49.78 
        -49.42 
        -49.31 
        -48.68 
        -48.76 
        -48.35 
        -47.73 
        -47.04 
        -46.29 
        -45.51 
        -44.64 
        -44.00 
        -43.46 
        -43.45 
        -44.43 
        -46.45 
        -47.12 
        -45.22 
        -43.69 
        -58.66 
        -58.50 
        -58.20 
        -58.31 
        -58.29 
        -58.04 
        -56.61 
        -56.48 
        -56.34 
        -56.20 
        -56.08 
        -57.42 
        -50.14 
        -50.01 
        -49.68 
        -49.30 
        -48.86 
        -48.22 
        -47.28 
        -47.87 
        -47.21 
        -46.50 
        -45.75 
        -45.01 
        -44.30 
        -43.64 
        -43.38 
        -43.42 
        -43.77 
        -43.89 
        -43.55 
        -43.36 
        -59.71 
        -56.74 
        -57.47 
        -57.00 
        -56.05 
        -55.39 
        -50.17 
        -54.21 
        -52.49 
        -50.53 
        -50.70 
        -51.21 
        -50.83 
        -50.41 
        -49.26 
        -49.34 
        -48.79 
        -48.42 
        -47.81 
        -48.01 
        -47.44 
        -46.78 
        -46.09 
        -45.39 
        -44.73 
        -44.14 
        -43.69 
        -43.32 
        -43.31 
        -43.31 
        -43.33 
        -43.53 
        -57.84 
        -58.71 
        -54.61 
        -53.07 
        -52.42 
        -51.58 
        -51.92 
        -52.06 
        -52.04 
        -51.82 
        -51.50 
        -51.14 
        -50.78 
        -50.37 
        -49.97 
        -49.56 
        -49.10 
        -48.60 
        -48.06 
        -47.46 
        -47.68 
        -47.13 
        -46.51 
        -45.86 
        -45.25 
        -44.69 
        -44.22 
        -43.91 
        -43.75 
        -43.58 
        -43.80 
        -44.04 
        -66.30 
        -76.12 
        -91.38 
       -250.00 
       -250.00 
       -250.00 
       -250.00 
       -250.00 
       -250.00 
       -250.00 
        -53.24 
        -51.07 
        -50.72 
        -50.32 
        -49.92 
        -49.54 
        -49.12 
        -48.68 
        -48.22 
        -47.76 
        -47.38 
        -47.56 
        -46.94 
        -46.36 
        -45.69 
        -45.32 
        -44.89 
        -44.61 
        -44.45 
        -44.41 
        -44.57 
        -44.52 
        -82.73 
        -88.50 
       -104.99 
       -250.00 
       -250.00 
       -250.00 
       -250.00 
       -250.00 
       -250.00 
       -250.00 
       -250.00 
       -250.00 
       -250.00 
       -250.00 
       -250.00 
       -250.00 
       -250.00 
       -250.00 
       -250.00 
       -250.00 
        -47.48 
        -48.08 
        -47.52 
        -46.98 
        -46.47 
        -45.98 
        -45.62 
        -45.36 
        -45.22 
        -45.25 
        -45.28 
        -45.49 
